$ 1 0.000005 242.03481360272136 58 5 43 5e-11
v 112 112 112 96 0 0 40 5 0 0 0.5
w 112 96 112 80 0
w 112 80 192 80 0
w 112 112 112 128 0
g 112 128 112 144 0 0
r 240 112 240 160 0 10000
w 240 160 304 160 0
w 240 112 240 80 0
w 192 80 240 80 0
w 288 80 240 80 0
w 304 160 304 240 0
w 448 80 448 144 0
f 256 256 304 256 32 1.5 0.02
w 304 272 304 304 0
g 304 304 304 336 0 0
L 256 256 208 256 0 0 false 5 0
r 448 144 448 176 0 10
g 448 176 448 208 0 0
f 304 144 304 80 41 1.5 0.02
w 304 160 304 144 0
r 368 80 432 80 0 1000
w 320 80 368 80 0
w 432 80 448 80 0
